
R1 = 25;
R2 = 150;
L = 3e-3;
C = 25e-6;

Em = 12;
omega = 50*2*pi;
I_1_0 = 1;
I_3_0 = 1;
 